20170622-110009-177, 14, 22, 41,223,198
20170622-110010-272, 15, 21, 41,142, 44
20170622-110010-624, 36, 23, 41,255, 49
20170622-110012-559, 35, 19, 40,141,112
20170622-110013-066, 18, 19, 41, 29, 84
20170622-110013-234,  9, 17, 41,108, 52
20170622-110013-480,  5, 22, 41,174, 83
20170622-110013-897, 34, 21, 40,223, 88
20170622-110017-140,  6, 23, 42, 31,224
20170622-110017-965, 25, 23, 42, 46,130
20170622-110018-318, 22, 19, 40,157, 95
20170622-110018-813, 17, 19, 40, 44,183
20170622-110019-372, 46, 20, 41,223,104
20170622-110022-487, 21, 22, 41,175, 71
20170622-110026-478, 30, 20, 41,223,  0
20170622-110029-295,  4, 22, 41,255, 51
20170622-110032-137,  1, 22, 41,239,225
20170622-110035-989, 27, 23, 42,143,245
20170622-110036-191, 44, 23, 42, 62,251
20170622-110036-463, 10, 22, 41,158,203
20170622-110036-863, 37, 23, 41,174,248
20170622-110037-161,  7, 17, 41, 13,159
20170622-110038-850, 32, 23, 41,190,197
20170622-110039-711, 24, 22, 41, 62,188
20170622-110042-058, 20, 21, 41,254,134
20170622-110043-432, 33, 22, 41,238,100
20170622-110046-502, 11, 21, 41,207,165
20170622-110048-335,  8, 24, 42,123,151
20170622-110049-300, 43, 22, 41,206,103
20170622-110050-443, 41, 22, 41,111, 24
20170622-110053-324, 13, 22, 41, 47,230
20170622-110053-396, 26, 23, 42,222, 46
20170622-110054-303,  2, 22, 40,222, 50
20170622-110054-706, 16, 21, 40,126, 27
20170622-110057-576, 12, 22, 41,126, 37
20170622-110059-197, 31, 22, 41,143, 47
20170622-110100-499, 42, 19, 41,156,195
20170622-110100-600, 19, 22, 42, 15, 70
20170622-110107-420, 47, 21, 41,143,212
20170622-110107-981, 23, 20, 40,206,165
20170622-110109-038, 14, 22, 41,223,102
20170622-110110-083, 15, 21, 41,142,180
20170622-110110-449, 36, 23, 41,255,219
20170622-110112-334, 35, 19, 40,141,217
20170622-110113-327,  5, 22, 41,174,239
20170622-110113-718, 34, 21, 40,223,231
20170622-110116-956,  6, 23, 42, 31,139
20170622-110117-818, 25, 23, 41,110, 32
20170622-110118-131, 22, 19, 40,157,171
20170622-110118-557, 17, 19, 40, 44, 10
20170622-110119-217, 46, 20, 41,223,212
20170622-110122-317, 21, 22, 41,175,228
20170622-110126-277, 30, 20, 40, 30,126
20170622-110129-079,  4, 22, 41,255,222
20170622-110132-029,  1, 22, 41,239,184
20170622-110135-833, 27, 23, 42,143,153
20170622-110135-993, 44, 23, 42, 62, 29
20170622-110136-313, 10, 22, 41,158, 88
20170622-110136-783, 37, 23, 41,174,102
20170622-110138-684, 32, 23, 41,190,126
20170622-110139-537, 24, 22, 41, 62, 65
20170622-110141-753, 20, 21, 41,254, 12
20170622-110143-260, 33, 22, 41,238, 14
20170622-110146-269, 11, 20, 41,206, 21
20170622-110148-147,  8, 25, 42,122, 89
20170622-110149-047, 43, 22, 41,206, 57
20170622-110150-219, 41, 21, 41,111,170
20170622-110153-047, 26, 23, 42,222,186
20170622-110153-168, 13, 22, 40,238,119
20170622-110154-111,  2, 21, 40,222,195
20170622-110154-491, 16, 21, 40,126,160
20170622-110159-052, 31, 22, 41,143,205
20170622-110200-272, 42, 19, 40, 93, 44
20170622-110200-447, 19, 22, 41, 79,221
20170622-110203-225, 29, 15, 40,228,219
20170622-110207-235, 47, 21, 41,143, 97
20170622-110207-747, 23, 20, 40,206, 35
20170622-110208-911, 14, 22, 40, 30, 30
20170622-110209-901, 15, 21, 40, 79, 77
20170622-110210-280, 36, 22, 41,254,130
20170622-110212-111, 35, 19, 39,205, 70
20170622-110212-579, 18, 19, 40,220,  4
20170622-110213-176,  5, 22, 41,174,126
20170622-110213-544, 34, 21, 40,223,113
20170622-110216-776,  6, 23, 42, 31, 50
20170622-110217-683, 25, 23, 41,110,212
20170622-110217-949, 22, 19, 40,157, 11
20170622-110218-300, 17, 18, 40, 45,111
20170622-110219-054, 46, 19, 41,221, 79
20170622-110222-148, 21, 22, 41,175,184
20170622-110226-080, 30, 20, 40, 30,238
20170622-110228-864,  4, 22, 41,255,127
20170622-110231-911,  1, 22, 41,239, 10
20170622-110235-668, 27, 23, 42,143, 60
20170622-110235-785, 44, 22, 41,127,191
20170622-110236-711, 37, 22, 41,175, 29
20170622-110238-521, 32, 23, 41,190, 28
20170622-110239-365, 24, 21, 41, 62,213
20170622-110241-439, 20, 21, 40, 63,132
20170622-110243-089, 33, 22, 41,238,150
20170622-110246-035, 11, 20, 41,206,124
20170622-110247-956,  8, 24, 42,123, 36
20170622-110248-789, 43, 21, 41,206,136
20170622-110249-995, 41, 21, 41,111, 61
20170622-110252-706, 26, 23, 42,222, 88
20170622-110253-015, 13, 21, 40,238, 13
20170622-110253-917,  2, 21, 40,222, 95
20170622-110254-274, 16, 21, 40,126, 63
20170622-110258-899, 31, 22, 41,143, 92
20170622-110300-043, 42, 20, 40, 95,159
20170622-110300-298, 19, 22, 41, 79,104
20170622-110303-637, 48, 22, 41,190,134
20170622-110307-031, 47, 21, 41,143,216
20170622-110309-718, 15, 21, 40, 79,223
20170622-110310-107, 36, 23, 41,255, 41
20170622-110311-885, 35, 19, 39,205,169
20170622-110312-335, 18, 19, 40,220, 92
20170622-110313-033,  5, 22, 41,174,  7
20170622-110313-370, 34, 21, 40,223,  3
20170622-110316-595,  6, 23, 42, 31,219
20170622-110317-550, 25, 23, 41,110,142
20170622-110317-768, 22, 19, 40,157,105
20170622-110318-059, 17, 19, 40, 44,205
20170622-110318-901, 46, 20, 41,223,169
20170622-110321-989, 21, 22, 41,175, 35
20170622-110325-888, 30, 20, 40, 30, 80
20170622-110326-324, 39, 22, 41, 14,163
20170622-110328-651,  4, 22, 41,255,  8
20170622-110331-800,  1, 22, 41,239,164
20170622-110335-510, 27, 23, 42,143,217
20170622-110335-589, 44, 22, 41,127, 95
20170622-110335-995, 10, 21, 41,158,115
20170622-110336-626, 37, 22, 41,175,249
20170622-110338-356, 32, 23, 41,190,196
20170622-110338-428,  3, 22, 40,143, 59
20170622-110339-195, 24, 21, 41, 62,110
20170622-110341-124, 20, 21, 40, 63,123
20170622-110342-916, 33, 22, 41,238, 41
20170622-110345-797, 11, 19, 41,204,239
20170622-110347-760,  8, 25, 42,122,229
20170622-110348-532, 43, 21, 41,206, 46
20170622-110349-766, 41, 21, 41,111,196
20170622-110352-361, 26, 23, 42,222, 56
20170622-110352-863, 13, 21, 40,238,154
20170622-110353-723,  2, 21, 40,222,219
20170622-110354-051, 16, 21, 40,126,180
20170622-110358-751, 31, 22, 41,143,253
20170622-110359-810, 42, 19, 41,156,253
20170622-110400-136, 19, 22, 41, 79,247
20170622-110402-593, 29, 15, 40,228,214
20170622-110403-500, 48, 23, 41,191, 43
20170622-110406-843, 47, 21, 41,143, 97
20170622-110407-250, 23, 20, 40,206, 13
20170622-110408-646, 14, 23, 41,222,111
20170622-110409-565, 15, 22, 41,142,124
20170622-110409-943, 36, 23, 41,255,218
20170622-110411-672, 35, 20, 39,207, 47
20170622-110411-818,  9, 17, 41,108,208
20170622-110412-104, 18, 20, 40,222,207
20170622-110412-891,  5, 22, 41,174,152
20170622-110413-214, 34, 22, 40,223,164
20170622-110415-101, 28, 19, 41,124, 61
20170622-110416-421,  6, 23, 42, 31,139
20170622-110417-416, 25, 23, 41,110, 40
20170622-110417-587, 22, 19, 40,157,223
20170622-110417-808, 17, 19, 40, 44, 28
20170622-110418-740, 46, 20, 41,223, 18
20170622-110421-810, 21, 22, 41,175,177
20170622-110425-683, 30, 20, 40, 30,207
20170622-110428-424,  4, 22, 41,255,174
20170622-110431-673,  1, 21, 41,239, 38
20170622-110435-830, 10, 21, 41,158,246
20170622-110436-535, 37, 22, 41,175, 90
20170622-110439-017, 24, 21, 41, 62,231
20170622-110440-808, 20, 20, 40, 62,126
20170622-110442-742, 33, 22, 41,238,204
20170622-110445-560, 11, 20, 41,206, 65
20170622-110447-572,  8, 25, 42,122,167
20170622-110448-279, 43, 22, 41,206,176
20170622-110449-535, 41, 21, 41,111, 70
20170622-110452-025, 26, 23, 42,222,160
20170622-110452-723, 13, 22, 40,238, 60
20170622-110453-536,  2, 21, 40,222,127
20170622-110453-839, 16, 21, 40,126, 79
20170622-110458-606, 31, 22, 41,143,155
20170622-110459-576, 42, 19, 41,156, 84
20170622-110459-988, 19, 22, 41, 79,137
20170622-110506-653, 47, 21, 41,143,234
20170622-110507-007, 23, 20, 40,206,132
20170622-110508-521, 14, 23, 41,222, 10
20170622-110509-410, 15, 22, 41,142, 34
20170622-110509-784, 36, 23, 41,255,157
20170622-110511-875, 18, 20, 41, 31, 33
20170622-110512-748,  5, 22, 41,174, 49
20170622-110513-058, 34, 22, 40,223, 69
20170622-110516-247,  6, 24, 42, 26, 49
20170622-110517-291, 25, 24, 41,107,228
20170622-110517-422, 22, 20, 40,159, 77
20170622-110517-569, 17, 20, 40, 46,184
20170622-110518-597, 46, 20, 41,223,138
20170622-110522-649, 21, 23, 41,174, 93
20170622-110526-492, 30, 20, 40, 30, 49
20170622-110529-209,  4, 22, 41,255,120
20170622-110532-563,  1, 22, 41,239,248
20170622-110536-667, 10, 21, 41,158,184
20170622-110537-441, 37, 22, 41,175,247
20170622-110539-838, 24, 21, 41, 62,106
20170622-110541-489, 20, 20, 41,255,231
20170622-110543-559, 33, 21, 41,238, 73
20170622-110548-374,  8, 24, 42,123, 98
20170622-110548-999, 43, 21, 41,206, 52
20170622-110550-294, 41, 21, 41,111,193
20170622-110552-667, 26, 22, 42,223, 61
20170622-110553-556, 13, 21, 40,238,248
20170622-110554-333,  2, 21, 40,222,244
20170622-110554-610, 16, 21, 40,126,250
20170622-110559-441, 31, 21, 41,143, 45
20170622-110600-318, 42, 19, 41,156,155
20170622-110607-463, 47, 21, 41,143,124
20170622-110607-768, 23, 21, 40,207, 14
20170622-110609-389, 14, 23, 41,222,179
20170622-110610-233, 15, 22, 41,142,182
20170622-110610-622, 36, 23, 41,255, 67
20170622-110612-163,  9, 18, 41,108, 90
20170622-110612-284, 35, 21, 39,206, 38
20170622-110612-662, 18, 20, 41, 31,155
20170622-110613-608,  5, 22, 41,174,222
20170622-110613-902, 34, 22, 40,223,238
20170622-110617-072,  6, 24, 42, 26,227
20170622-110618-171, 25, 24, 41,107,153
20170622-110618-268, 22, 21, 40,158,249
20170622-110618-342, 17, 21, 40, 47,253
20170622-110619-466, 46, 21, 41,222, 31
20170622-110622-496, 21, 23, 41,174,  1
20170622-110623-897, 40, 21, 41, 62,  2
20170622-110626-315, 30, 21, 41,222,186
20170622-110626-435, 39, 22, 41, 14, 98
20170622-110629-007,  4, 23, 41,254,229
20170622-110632-461,  1, 23, 41,238, 90
20170622-110635-122,  7, 17, 41, 13,222
20170622-110636-518, 10, 22, 41,158, 19
20170622-110637-369, 37, 23, 41,174,166
20170622-110639-669, 24, 22, 41, 62,123
20170622-110641-200, 20, 21, 41,254,118
20170622-110643-383, 33, 22, 41,238,239
20170622-110646-085, 11, 21, 41,207, 21
20170622-110648-184,  8, 25, 42,122, 44
20170622-110648-752, 43, 22, 41,206,200
20170622-110650-082, 41, 22, 41,111,111
20170622-110652-334, 26, 23, 42,222,226
20170622-110653-412, 13, 22, 41, 47, 85
20170622-110654-145,  2, 22, 40,222,129
20170622-110654-400, 16, 22, 40,126, 73
20170622-110659-296, 31, 23, 41,142,203
20170622-110700-108, 42, 20, 41,158, 19
20170622-110700-670, 19, 22, 42, 15,163
20170622-110702-658, 29, 16, 40,236,236
20170622-110704-071, 48, 22, 41,190,252
20170622-110707-273, 47, 21, 41,143,246
20170622-110707-530, 23, 21, 40,207,185
20170622-110709-266, 14, 23, 41,222,100
20170622-110710-057, 15, 22, 41,142, 73
20170622-110710-456, 36, 23, 41,255,245
20170622-110711-847,  9, 19, 41,109,171
20170622-110712-096, 35, 21, 40,142,189
20170622-110712-450, 18, 20, 41, 31, 20
20170622-110713-471,  5, 22, 41,174,105
20170622-110713-749, 34, 22, 40,223,131
20170622-110716-898,  6, 23, 42, 31,145
20170622-110719-329, 46, 20, 41,223,136
20170622-110722-332, 21, 23, 41,174,161
20170622-110723-679, 40, 21, 41, 62,118
20170622-110728-796,  4, 22, 41,255,140
20170622-110732-357,  1, 22, 41,239,246
20170622-110735-780, 44, 22, 42, 63,182
20170622-110735-866, 27, 23, 42,143, 90
20170622-110736-356, 10, 22, 41,158,156
20170622-110737-287, 37, 22, 41,175, 72
20170622-110739-492, 24, 21, 41, 62,132
20170622-110740-891, 20, 21, 41,254,247
20170622-110743-206, 33, 22, 41,238,125
20170622-110745-855, 11, 20, 41,206,185
20170622-110747-986,  8, 24, 42,123,231
20170622-110748-487, 43, 22, 41,206, 86
20170622-110749-862, 41, 22, 41,111,253
20170622-110751-993, 26, 23, 42,222,135
20170622-110753-260, 13, 21, 41, 47,235
20170622-110753-947,  2, 21, 40,222,  9
20170622-110754-184, 16, 21, 40,126,208
20170622-110759-146, 31, 22, 41,143,103
20170622-110759-875, 42, 19, 41,156,114
20170622-110802-337, 29, 15, 40,228,216
20170622-110807-084, 47, 21, 41,143,142
20170622-110807-293, 23, 20, 40,206,252
20170622-110809-134, 14, 23, 41,222,  5
20170622-110809-882, 15, 22, 41,142,227
20170622-110810-295, 36, 23, 41,255,162
20170622-110811-507,  9, 17, 41,108,229
20170622-110811-880, 35, 20, 40,143, 46
20170622-110812-212, 18, 20, 41, 31,126
20170622-110813-327,  5, 22, 41,174,  4
20170622-110813-588, 34, 22, 40,223, 24
20170622-110815-165, 28, 19, 41,124,190
20170622-110816-719,  6, 23, 42, 31, 79
20170622-110819-168, 46, 20, 41,223,242
20170622-110822-168, 21, 23, 41,174, 64
20170622-110823-455, 40, 20, 41, 63,224
20170622-110825-843, 39, 22, 41, 14,148
20170622-110825-947, 30, 21, 40, 31,176
20170622-110828-580,  4, 22, 41,255, 38
20170622-110832-246,  1, 22, 41,239,136
20170622-110835-584, 44, 22, 42, 63, 93
20170622-110835-709, 27, 23, 42,143, 13
20170622-110836-197, 10, 21, 41,158, 33
20170622-110837-196, 37, 23, 41,174,232
20170622-110839-322, 24, 21, 41, 62, 21
20170622-110840-588, 20, 21, 41,254,251
20170622-110843-029, 33, 22, 41,238,  3
20170622-110845-622, 11, 20, 41,206,231
20170622-110847-796,  8, 25, 42,122,170
20170622-110848-235, 43, 22, 41,206,255
20170622-110849-640, 41, 22, 41,111,143
20170622-110851-656, 26, 23, 42,222, 63
20170622-110853-119, 13, 22, 40,238,133
20170622-110853-766,  2, 22, 40,222,167
20170622-110853-990, 16, 22, 40,126,112
20170622-110857-475, 12, 23, 41,127,236
20170622-110859-003, 31, 22, 41,143, 10
20170622-110859-655, 42, 20, 41,158,228
20170622-110900-364, 19, 22, 41, 79,192
20170622-110902-055, 29, 15, 40,228, 56
20170622-110903-788, 48, 22, 41,190, 51
20170622-110906-904, 47, 22, 41,143, 30
20170622-110907-066, 23, 21, 40,207,130
20170622-110909-018, 14, 23, 41,222,248
20170622-110909-718, 15, 22, 41,142,130
20170622-110910-139, 36, 23, 41,255, 90
20170622-110911-182,  9, 19, 41,109, 38
20170622-110911-690, 35, 21, 39,206,171
20170622-110912-001, 18, 21, 40,223,228
20170622-110913-192,  5, 22, 41,174,164
20170622-110913-445, 34, 23, 40,222,204
20170622-110914-936, 28, 20, 41,126, 17
20170622-110916-553,  6, 24, 42, 26,244
20170622-110917-646, 17, 20, 40, 46, 61
20170622-110917-786, 25, 24, 41,107,176
20170622-110919-030, 46, 20, 41,223,124
20170622-110922-007, 21, 23, 41,174,236
20170622-110925-553, 39, 23, 41, 15, 63
20170622-110925-773, 30, 21, 40, 31,121
20170622-110928-374,  4, 23, 41,254,223
20170622-110932-145,  1, 22, 41,239, 40
20170622-110933-629,  7, 16, 41, 12,  6
20170622-110935-398, 44, 23, 41,126,  2
20170622-110935-562, 27, 23, 42,143,168
20170622-110936-051, 10, 22, 41,158,186
20170622-110937-126, 37, 23, 41,174,174
20170622-110939-165, 24, 22, 41, 62,170
20170622-110940-294, 20, 21, 40, 63,  7
20170622-110942-871, 33, 22, 41,238,160
20170622-110945-401, 11, 20, 41,206, 89
20170622-110947-609,  8, 25, 42,122,114
20170622-110947-997, 43, 22, 41,206,146
20170622-110949-427, 41, 22, 41,111, 22
20170622-110951-315, 26, 23, 42,222,212
20170622-110952-978, 13, 22, 40,238, 32
20170622-110953-587,  2, 22, 40,222, 67
20170622-110953-779, 16, 21, 40,126,  1
20170622-110958-855, 31, 22, 41,143,171
20170622-110959-426, 42, 20, 40, 95, 70
20170622-111000-216, 19, 22, 41, 79, 90
20170622-111001-747, 29, 15, 39,196,  0
20170622-111006-717, 47, 21, 41,143,157
20170622-111006-829, 23, 21, 40,207,  3
20170622-111008-892, 14, 23, 40, 31,101
20170622-111009-539, 15, 21, 40, 79, 16
20170622-111009-975, 36, 23, 41,255, 11
20170622-111010-840,  9, 17, 41,108, 91
20170622-111011-485, 35, 20, 39,207, 33
20170622-111011-766, 18, 19, 40,220, 69
20170622-111013-049,  5, 22, 41,174, 61
20170622-111013-287, 34, 22, 40,223,102
20170622-111014-702, 28, 19, 41,124,113
20170622-111016-379,  6, 24, 42, 26,165
20170622-111017-417, 17, 20, 40, 46,175
20170622-111017-669, 25, 24, 41,107,114
20170622-111018-892, 46, 20, 41,223,255
20170622-111021-862, 21, 23, 41,174,153
20170622-111025-270, 39, 23, 41, 15,212
20170622-111025-599, 30, 21, 40, 31,195
20170622-111028-174,  4, 23, 41,254,250
20170622-111032-044,  1, 22, 41,239,200
20170622-111035-194, 44, 22, 41,127,153
20170622-111035-403, 27, 23, 42,143, 94
20170622-111035-888, 10, 21, 41,158, 68
20170622-111037-036, 37, 22, 41,175, 78
20170622-111038-992, 24, 21, 41, 62, 54
20170622-111039-982, 20, 21, 40, 63,133
20170622-111042-706, 33, 22, 41,238, 66
20170622-111045-168, 11, 20, 41,206,192
20170622-111047-417,  8, 25, 42,122, 55
20170622-111047-747, 43, 22, 40, 15, 42
20170622-111049-202, 41, 21, 41,111,161
20170622-111050-972, 26, 23, 42,222,114
20170622-111052-826, 13, 21, 40,238,189
20170622-111053-397,  2, 21, 40,222,211
20170622-111053-562, 16, 21, 40,126,136
20170622-111058-718, 31, 23, 41,142, 82
20170622-111059-209, 42, 20, 40, 95,181
20170622-111100-070, 19, 22, 41, 79,242
20170622-111101-447, 29, 15, 39,164, 17
20170622-111103-523, 48, 23, 40,126,184
20170622-111106-549, 47, 22, 41,143, 50
20170622-111106-614, 23, 21, 40,207,151
20170622-111108-779, 14, 23, 40, 31, 36
20170622-111109-378, 15, 22, 40, 79,189
20170622-111109-823, 36, 24, 40, 59,195
20170622-111110-527,  9, 19, 41,109,168
20170622-111111-305, 35, 21, 39,206,182
20170622-111111-556, 18, 20, 40,222,196
20170622-111112-914,  5, 22, 41,174,214
20170622-111113-140, 34, 23, 40,222, 30
20170622-111114-479, 28, 19, 40,189,238
20170622-111117-174, 17, 19, 40, 44, 14
20170622-111117-435, 22, 19, 40,157,233
20170622-111117-543, 25, 23, 41,110, 44
20170622-111118-747, 46, 20, 40, 30,100
20170622-111121-700, 21, 22, 41,175, 78
20170622-111125-411, 30, 20, 40, 30, 59
20170622-111127-964,  4, 22, 41,255, 24
20170622-111131-937,  1, 22, 41,239, 96
20170622-111134-995, 44, 22, 41,127, 60
20170622-111135-246, 27, 23, 42,143,242
20170622-111135-724, 10, 21, 41,158,198
20170622-111136-954, 37, 23, 41,174,231
20170622-111138-822, 24, 22, 40,255,199
20170622-111139-691, 20, 21, 40, 63, 21
20170622-111142-529, 33, 22, 41,238,209
20170622-111144-923, 11, 20, 41,206, 34
20170622-111147-227,  8, 25, 42,122,122
20170622-111147-492, 43, 22, 40, 15,207
20170622-111148-978, 41, 21, 41,111, 53
20170622-111150-632, 26, 23, 42,222, 22
20170622-111152-681, 13, 22, 40,238, 84
20170622-111153-208,  2, 22, 40,222, 97
20170622-111153-346, 16, 21, 40,126, 23
20170622-111157-088, 12, 22, 41,126,196
20170622-111158-581, 31, 23, 41,142, 57
20170622-111158-993, 42, 20, 40, 95, 43
20170622-111159-935, 19, 22, 41, 79,151
20170622-111201-148, 29, 15, 39,164, 34
20170622-111203-398, 48, 23, 40,126, 44
20170622-111208-652, 14, 23, 40, 31,201
20170622-111209-204, 15, 22, 40, 79, 94
20170622-111209-664, 36, 23, 40, 62,118
20170622-111210-193,  9, 17, 41,108,229
20170622-111211-104, 35, 20, 39,207, 49
20170622-111211-326, 18, 19, 40,220, 39
20170622-111212-772,  5, 22, 41,174,126
20170622-111212-984, 34, 22, 40,223,191
20170622-111214-179, 38, 21, 41, 95, 99
20170622-111214-243, 28, 19, 40,189,121
20170622-111216-068,  6, 23, 42, 31,230
20170622-111216-927, 17, 19, 40, 44, 89
20170622-111217-266, 22, 20, 40,159, 92
20170622-111217-419, 25, 24, 41,107,239
20170622-111218-595, 46, 20, 40, 30,221
20170622-111221-536, 21, 22, 40,110,216
20170622-111222-579, 40, 20, 40,254,189
20170622-111225-213, 30, 20, 40, 30,172
20170622-111227-742,  4, 22, 41,255,177
20170622-111231-820,  1, 22, 41,239,240
20170622-111234-795, 44, 22, 41,127,215
20170622-111235-089, 27, 23, 42,143,150
20170622-111236-867, 37, 22, 41,175,134
20170622-111237-900, 32, 23, 41,190,205
20170622-111238-654, 24, 21, 40,255, 87
20170622-111239-383, 20, 21, 40, 63,158
20170622-111242-355, 33, 22, 41,238,109
20170622-111244-689, 11, 20, 41,206,137
20170622-111247-035,  8, 25, 42,122,207
20170622-111247-239, 43, 22, 40, 15, 81
20170622-111248-755, 41, 21, 41,111,206
20170622-111250-287, 26, 23, 42,222,183
20170622-111252-540, 13, 22, 40,238,254
20170622-111253-025,  2, 21, 40,222,122
20170622-111253-141, 16, 21, 40,126,170
20170622-111258-441, 31, 22, 41,143,162
20170622-111258-765, 42, 20, 40, 95,157
20170622-111259-793, 19, 22, 41, 79, 52
20170622-111300-850, 29, 16, 39,172, 50
20170622-111303-271, 48, 22, 40,127,210
20170622-111308-526, 14, 23, 40, 31,116
20170622-111309-026, 15, 22, 40, 79,227
20170622-111309-503, 36, 23, 40, 62, 43
20170622-111309-859,  9, 18, 41,108, 33
20170622-111310-915, 35, 20, 39,207,248
20170622-111311-108, 18, 20, 40,222,150
20170622-111312-629,  5, 22, 41,174,  7
20170622-111312-830, 34, 22, 40,223, 93
20170622-111315-894,  6, 23, 42, 31,144
20170622-111316-682, 17, 19, 40, 44,187
20170622-111317-096, 22, 20, 40,159,192
20170622-111317-293, 25, 24, 41,107,145
20170622-111318-451, 46, 20, 40, 30, 70
20170622-111321-383, 21, 23, 40,111,139
20170622-111324-395, 39, 23, 41, 15,172
20170622-111325-036, 30, 21, 40, 31, 62
20170622-111327-538,  4, 23, 41,254, 89
20170622-111331-705,  1, 22, 41,239,135
20170622-111334-596, 44, 22, 41,127,114
20170622-111334-931, 27, 22, 42,142, 61
20170622-111335-404, 10, 21, 41,158,219
20170622-111336-777, 37, 22, 41,175, 39
20170622-111337-735, 32, 23, 41,190,116
20170622-111338-484, 24, 21, 40,255,224
20170622-111339-078, 20, 20, 40, 62, 30
20170622-111342-181, 33, 22, 41,238, 57
20170622-111344-444, 11, 19, 41,204,234
20170622-111346-840,  8, 24, 42,123,143
20170622-111346-974, 43, 21, 40, 15,239
20170622-111348-532, 41, 21, 41,111, 72
20170622-111349-951, 26, 23, 42,222,111
20170622-111352-390, 13, 21, 40,238,130
20170622-111352-827,  2, 21, 40,222,130
20170622-111352-916, 16, 21, 40,126, 41
20170622-111356-827, 12, 22, 41,126,  7
20170622-111358-300, 31, 23, 41,142, 77
20170622-111358-550, 42, 20, 40, 95,  2
20170622-111359-649, 19, 22, 41, 79,202
20170622-111400-549, 29, 15, 39,164, 68
20170622-111403-136, 48, 22, 40,127,119
20170622-111405-965, 23, 21, 40,207, 73
20170622-111406-035, 47, 22, 41,143, 57
20170622-111408-405, 14, 23, 40, 31, 44
20170622-111408-861, 15, 22, 40, 79,132
20170622-111409-350, 36, 24, 40, 59,227
20170622-111409-539,  9, 19, 41,109,117
20170622-111410-726, 35, 20, 39,207, 71
20170622-111410-889, 18, 20, 40,222,  5
20170622-111412-489,  5, 22, 41,174,165
20170622-111412-685, 34, 23, 40,222,252
20170622-111413-715, 38, 21, 41, 95, 90
20170622-111413-781, 28, 20, 41,126,  4
20170622-111415-725,  6, 24, 42, 26, 71
20170622-111416-453, 17, 20, 40, 46, 37
20170622-111416-940, 22, 20, 40,159, 78
20170622-111417-174, 25, 24, 41,107, 94
20170622-111418-313, 46, 21, 40, 31,192
20170622-111421-238, 21, 23, 40,111,121
20170622-111422-152, 40, 21, 40,255,163
20170622-111424-114, 39, 22, 41, 14, 65
20170622-111424-860, 30, 21, 40, 31,178
20170622-111427-340,  4, 23, 41,254, 10
20170622-111431-101,  7, 17, 41, 13, 66
20170622-111431-616,  1, 23, 41,238, 52
20170622-111434-417, 44, 23, 41,126, 34
20170622-111434-792, 27, 23, 42,143,254
20170622-111435-277, 10, 23, 41,159,129
20170622-111436-716, 37, 24, 41,171,229
20170622-111437-502,  3, 23, 40,142,131
20170622-111437-602, 32, 24, 41,187, 54
20170622-111438-344, 24, 23, 40,254,158
20170622-111438-798, 20, 22, 40, 63,171
20170622-111442-020, 33, 22, 41,238,175
20170622-111444-228, 11, 20, 41,206, 96
20170622-111446-651,  8, 25, 42,122, 65
20170622-111446-729, 43, 22, 40, 15,185
20170622-111448-313, 41, 22, 41,111,238
20170622-111449-621, 26, 23, 42,222,  9
20170622-111452-245, 13, 22, 40,238, 25
20170622-111452-645,  2, 22, 40,222, 25
20170622-111452-711, 16, 22, 40,126,197
20170622-111456-698, 12, 23, 41,127,173
20170622-111458-162, 31, 23, 41,142,244
20170622-111458-339, 42, 20, 40, 95,251
20170622-111459-504, 19, 22, 41, 79, 97
20170622-111500-249, 29, 15, 39,164, 85
20170622-111503-016, 48, 23, 40,126, 38
20170622-111505-757, 23, 22, 40,207,229
20170622-111505-872, 47, 22, 41,143,153
20170622-111508-297, 14, 23, 40, 31,230
20170622-111508-701, 15, 23, 40, 78, 39
20170622-111509-199, 36, 24, 40, 59,174
20170622-111510-561, 35, 22, 39,206,230
20170622-111510-693, 18, 21, 40,223,157
20170622-111512-361,  5, 23, 41,175, 70
20170622-111512-549, 34, 23, 40,222,169
20170622-111513-497, 38, 21, 41, 95,231
20170622-111513-568, 28, 20, 40,191,119
20170622-111515-561,  6, 24, 42, 26, 14
20170622-111516-239, 17, 20, 40, 46,160
20170622-111516-799, 22, 21, 40,158,198
20170622-111517-063, 25, 24, 41,107, 18
20170622-111518-186, 46, 21, 40, 31, 73
20170622-111521-094, 21, 23, 40,111,252
20170622-111521-958, 40, 21, 40,255, 40
20170622-111523-837, 39, 23, 41, 15,255
20170622-111524-694, 30, 22, 40, 31, 67
20170622-111527-147,  4, 23, 41,254,207
20170622-111530-646,  7, 17, 41, 13,142
20170622-111531-530,  1, 23, 41,238,238
20170622-111534-228, 44, 23, 41,126,203
20170622-111534-651, 27, 23, 42,143,163
20170622-111535-139, 10, 23, 41,159, 33
20170622-111536-647, 37, 23, 40,111,144
20170622-111537-343,  3, 22, 40,143, 32
20170622-111537-453, 32, 24, 41,187,255
20170622-111538-189, 24, 22, 40,255, 41
20170622-111538-503, 20, 21, 40, 63, 55
20170622-111541-865, 33, 22, 41,238, 65
20170622-111544-009, 11, 21, 41,207,239
20170622-111546-462,  8, 25, 42,122, 11
20170622-111548-102, 41, 22, 41,111,124
20170622-111549-286, 26, 23, 42,222,176
20170622-111552-102, 13, 22, 40,238,182
20170622-111552-498, 16, 21, 40,126, 72
20170622-111558-012, 31, 22, 41,143,159
20170622-111558-111, 42, 20, 40, 95,237
20170622-111559-358, 19, 22, 41, 79, 57
20170622-111559-950, 29, 14, 39,165,110
20170622-111602-879, 48, 22, 40,127,197
20170622-111608-182, 14, 22, 40, 30,153
20170622-111608-534, 15, 21, 40, 79,194
20170622-111609-029, 36, 22, 40, 63, 75
20170622-111610-344, 35, 19, 39,205, 80
20170622-111610-456, 18, 19, 40,220,233
20170622-111612-216,  5, 22, 41,174,218
20170622-111612-382, 34, 21, 40,223, 69
20170622-111613-245, 38, 19, 40,157, 95
20170622-111613-310, 28, 18, 40,188,249
20170622-111615-379,  6, 23, 42, 31,164
20170622-111615-989, 17, 19, 40, 44, 15
20170622-111616-629, 22, 20, 39,223, 55
20170622-111616-933, 25, 24, 41,107,193
20170622-111618-040, 46, 20, 40, 30,205
20170622-111620-935, 21, 22, 40,110,145
20170622-111621-741, 40, 20, 40,254,173
20170622-111623-554, 39, 22, 41, 14,158
20170622-111624-509, 30, 20, 40, 30,248
20170622-111626-932,  4, 22, 41,255, 89
20170622-111631-435,  1, 23, 41,238,129
20170622-111634-043, 44, 23, 41,126,119
20170622-111634-503, 27, 23, 41,207, 94
20170622-111634-996, 10, 22, 41,158,249
20170622-111636-578, 37, 23, 40,111, 76
20170622-111637-185,  3, 22, 40,143,198
20170622-111637-312, 32, 24, 41,187,191
20170622-111638-031, 24, 22, 40,255,199
20170622-111638-213, 20, 21, 40, 63,198
20170622-111641-705, 33, 22, 41,238,231
20170622-111643-797, 11, 21, 41,207, 89
20170622-111646-279,  8, 25, 42,122,215
20170622-111647-896, 41, 22, 41,111, 29
20170622-111648-960, 26, 23, 42,222,102
20170622-111651-962, 13, 22, 40,238, 80
20170622-111659-221, 19, 22, 41, 79,153
20170622-111659-644, 29, 14, 39,165,108
20170622-111705-499, 47, 21, 40, 78,168
20170622-111708-352, 15, 21, 40, 79, 83
20170622-111708-530,  9, 17, 41,108, 24
20170622-111708-860, 36, 23, 40, 62,241
20170622-111710-131, 35, 20, 39,207,198
20170622-111710-224, 18, 20, 40,222, 93
20170622-111712-070,  5, 22, 41,174,127
20170622-111712-219, 34, 21, 40,223,221
20170622-111712-992, 38, 20, 40,159,176
20170622-111713-059, 28, 18, 40,188, 10
20170622-111715-200,  6, 23, 42, 31, 83
20170622-111715-725, 17, 18, 40, 45, 75
20170622-111716-435, 22, 18, 40,156,134
20170622-111716-790, 25, 23, 41,110,107
20170622-111717-872, 46, 19, 40, 28, 46
20170622-111720-769, 21, 22, 40,110, 51
20170622-111723-258, 39, 22, 41, 14, 39
20170622-111724-322, 30, 20, 40, 30, 54
20170622-111726-727,  4, 22, 41,255,  1
20170622-111731-328,  1, 22, 41,239, 47
20170622-111733-849, 44, 22, 41,127, 21
20170622-111734-349, 27, 23, 42,143,240
20170622-111734-847, 10, 22, 41,158, 93
20170622-111736-497, 37, 23, 41,174,244
20170622-111737-156, 32, 23, 41,190,109
20170622-111737-912, 20, 21, 40, 63, 73
20170622-111741-536, 33, 22, 41,238,142
20170622-111743-562, 11, 20, 41,206,194
20170622-111745-999, 43, 22, 40, 15, 92
20170622-111746-088,  8, 25, 42,122,156
20170622-111747-678, 41, 21, 41,111,171
20170622-111748-619, 26, 23, 42,222, 11
20170622-111751-819, 13, 22, 40,238,245
20170622-111756-300, 12, 23, 41,127,143
20170622-111757-742, 31, 23, 41,142,225
20170622-111759-092, 19, 23, 41, 78, 65
20170622-111759-358, 29, 16, 39,172,130
20170622-111802-608, 48, 23, 40,126, 10
20170622-111805-324, 47, 22, 41,143, 66
20170622-111807-536,183, 21, 40,207, 55
20170622-111807-929, 14, 23, 40, 31,241
20170622-111808-704, 36, 23, 41,255,190
20170622-111809-930, 35, 20, 39,207, 65
20170622-111810-004, 18, 20, 40,222,207
20170622-111811-937,  5, 22, 41,174, 21
20170622-111812-076, 34, 22, 40,223,128
20170622-111812-755, 38, 20, 41, 94, 63
20170622-111812-823, 28, 19, 41,124,107
20170622-111815-030,  6, 24, 42, 26,  4
20170622-111815-501, 17, 20, 40, 46,248
20170622-111816-287, 22, 21, 40,158, 11
20170622-111816-683, 25, 24, 41,107, 62
20170622-111817-743, 46, 21, 41,222,173
20170622-111820-618, 21, 23, 41,174,236
20170622-111822-975, 39, 23, 41, 15,202
20170622-111824-149, 30, 21, 40, 31,197
20170622-111826-519,  4, 23, 41,254,164
20170622-111829-137,  7, 16, 41, 12,165
20170622-111831-237,  1, 23, 41,238,199
20170622-111833-660, 44, 23, 41,126,205
20170622-111834-205, 27, 23, 42,143,167
20170622-111834-703, 10, 22, 41,158,236
20170622-111836-430, 37, 23, 41,174,167
20170622-111836-850,  3, 23, 41, 79, 56
20170622-111837-012, 32, 24, 41,187, 26
20170622-111837-625, 20, 21, 40, 63,238
20170622-111837-720, 24, 22, 41, 62, 56
20170622-111841-386, 33, 23, 41,239, 40
20170622-111843-345, 11, 21, 41,207, 79
20170622-111845-757, 43, 22, 41,206, 57
20170622-111845-904,  8, 25, 42,122, 97
20170622-111847-472, 41, 22, 41,111, 76
20170622-111848-291, 26, 23, 42,222,187
20170622-111851-687, 13, 23, 40,239,157
20170622-111856-185, 12, 23, 41,127, 40
20170622-111857-471, 42, 20, 41,158,120
20170622-111857-608, 31, 23, 41,142,156
20170622-111858-952, 19, 22, 41, 79,228
20170622-111859-057, 29, 15, 40,228,148
20170622-111902-478, 48, 23, 41,191,176
20170622-111905-144, 47, 21, 41,143,210
20170622-111907-317, 23, 21, 40,207,193
20170622-111908-021, 15, 22, 40, 79,157
20170622-111908-559, 36, 24, 41,250,127
20170622-111909-805, 18, 21, 40,223, 66
20170622-111911-801,  5, 22, 41,174,191
20170622-111911-928, 34, 22, 40,223, 42
20170622-111912-520, 38, 21, 41, 95,172
20170622-111912-592, 28, 20, 41,126,201
20170622-111914-853,  6, 24, 42, 26,168
20170622-111915-265, 17, 20, 40, 46, 33
20170622-111916-135, 22, 20, 40,159,141
20170622-111916-565, 25, 24, 41,107,232
20170622-111917-607, 46, 21, 41,222, 39
20170622-111920-463, 21, 22, 41,175,139
20170622-111921-083, 40, 20, 41, 63,246
20170622-111922-685, 39, 22, 41, 14, 96
20170622-111923-956, 30, 20, 40, 30, 50
20170622-111926-302,  4, 22, 41,255, 64
20170622-111931-119,  1, 22, 41,239, 87
20170622-111933-456, 44, 22, 42, 63, 86
20170622-111934-047, 27, 23, 42,143, 77
20170622-111934-551, 10, 22, 41,158,251
20170622-111936-350, 37, 23, 41,174, 94
20170622-111936-849, 32, 23, 41,190,198
20170622-111937-314, 20, 20, 40, 62, 91
20170622-111937-544, 24, 21, 41, 62,128
20170622-111941-212, 33, 22, 41,238,206
20170622-111943-104, 11, 19, 41,204,175
20170622-111945-492, 43, 21, 41,206,128
20170622-111945-704,  8, 24, 42,123, 46
20170622-111947-236, 41, 21, 41,111,202
20170622-111947-939, 26, 22, 42,223, 82
20170622-111951-530, 13, 21, 40,238, 33
20170622-111957-223, 42, 19, 41,156,158
20170622-111957-452, 31, 22, 41,143, 37
20170622-111958-791, 19, 21, 41, 79,106
20170622-112004-943, 47, 21, 41,143, 95
20170622-112007-823, 15, 21, 40, 79, 31
20170622-112008-382, 36, 23, 41,255, 17
20170622-112009-560, 18, 20, 40,221,157
20170622-112011-646,  5, 22, 41,174, 60
20170622-112011-753, 34, 21, 40,223,189
20170622-112012-264, 38, 20, 41, 94,  8
20170622-112012-334, 28, 18, 41,125, 16
20170622-112014-660,  6, 23, 42, 31, 73
20170622-112014-989, 17, 18, 40, 45, 97
20170622-112015-925, 22, 18, 40,156,201
20170622-112016-422, 25, 23, 41,110,147
20170622-112017-436, 46, 19, 41,221,130
20170622-112020-290, 21, 22, 41,175, 36
20170622-112023-750, 30, 20, 40, 30,155
20170622-112026-070,  4, 22, 41,255,211
20170622-112031-019,  1, 23, 41,238,247
20170622-112033-264, 44, 23, 42, 62,122
20170622-112033-898, 27, 23, 42,143,240
20170622-112034-414, 10, 22, 41,158, 27
20170622-112036-273, 37, 23, 41,174,122
20170622-112036-505,  3, 22, 41, 78, 32
20170622-112036-695, 32, 24, 41,187,116
20170622-112037-012, 20, 21, 41,254,228
20170622-112037-381, 24, 22, 41, 62, 27
20170622-112041-049, 33, 23, 41,239,110
20170622-112042-894, 11, 21, 41,207, 45
20170622-112045-248, 43, 22, 41,206, 33
20170622-112045-516,  8, 25, 42,122,231
20170622-112047-025, 41, 23, 41,110, 96
20170622-112047-612, 26, 23, 42,222,  1
20170622-112051-520,  2, 22, 40,222,136
20170622-112055-920, 12, 23, 42, 63,103
20170622-112057-021, 42, 21, 41,159, 20
20170622-112057-316, 31, 23, 41,142,212
20170622-112058-427, 29, 16, 40,236,149
20170622-112058-658, 19, 23, 42, 14, 31
20170622-112102-209, 48, 23, 41,191,122
20170622-112104-780, 47, 22, 41,143,255
20170622-112106-832, 23,110, 40, 79,214
20170622-112107-185,  9, 19, 41,109,  6
20170622-112107-564, 14, 24, 41,219,  0
20170622-112107-668, 15, 23, 41,143,187
20170622-112108-231, 36, 24, 41,250,223
20170622-112111-515,  5, 23, 42,239,239
20170622-112111-615, 34, 23, 40,222,107
20170622-112112-039, 38, 21, 41, 95,147
20170622-112112-110, 28, 20, 41,126,142
20170622-112114-493,  6, 24, 42, 26, 15
20170622-112114-768, 17, 20, 41,239,239
20170622-112115-770, 22, 20, 40,159, 76
20170622-112116-305, 25, 24, 42, 43, 95
20170622-112117-291, 46, 21, 41,222,252
20170622-112120-129, 21, 22, 41,175,193
20170622-112120-615, 40, 21, 41, 62,207
20170622-112122-096, 39, 23, 42, 79,150
20170622-112123-588, 30, 21, 41,222, 53
20170622-112125-865,  4, 23, 41,254,124
20170622-112127-583,  7, 16, 41, 12,167
20170622-112130-924,  1, 23, 42,174,155
20170622-112133-083, 44, 23, 42, 62,170
20170622-112133-755, 27, 24, 42,138,162
20170622-112134-284, 10, 23, 42,223,194
20170622-112136-217, 37, 24, 41,171,187
20170622-112136-367,  3, 24, 41, 74,220
20170622-112136-561, 32, 25, 42,250, 69
20170622-112136-737, 20, 22, 41,254,141
20170622-112137-244, 24, 23, 41, 63,202
20170622-112140-915, 33, 24, 41,234, 29
20170622-112142-703, 11, 22, 41,207,178
20170622-112145-025, 43, 24, 41,202,215
20170622-112145-347,  8, 26, 43,187,197
20170622-112146-834, 41, 23, 42, 46, 19
20170622-112147-290, 26, 24, 42,219,189
20170622-112151-352,  2, 23, 41, 30, 51
20170622-112155-808, 12, 24, 42, 58, 17
20170622-112156-842, 42, 22, 41,159,167
20170622-112157-199, 31, 24, 41,139,136
20170622-112158-184, 29, 18, 40,237,221
20170622-112158-539, 19, 24, 42, 11,206
20170622-112202-108, 48, 24, 41,186,249
20170622-112204-636, 47, 23, 41,142,164
20170622-112206-635, 23, 23, 40,206, 90
20170622-112206-896,  9, 20, 41,111,117
20170622-112207-468, 14, 25, 41,218,223
20170622-112207-539, 15, 24, 41,138,124
20170622-112208-102, 36, 25, 41,251,164
20170622-112211-402,  5, 24, 42,234,149
20170622-112211-493, 34, 24, 40,219, 44
20170622-112211-844, 38, 23, 41, 94, 50
20170622-112211-924, 28, 22, 41,127, 30
20170622-112214-336,  6, 25, 42, 27,206
20170622-112214-581, 17, 22, 41,238,113
20170622-112215-654, 22, 22, 40,158,235
20170622-112216-220, 25, 25, 42, 42, 42
20170622-112217-179, 46, 22, 41,222,158
20170622-112219-991, 21, 23, 41,174,142
20170622-112220-420, 40, 22, 41, 62, 76
20170622-112221-828, 39, 24, 42, 74, 64
20170622-112223-439, 30, 22, 41,222,221
20170622-112225-686,  4, 24, 41,251, 60
20170622-112230-839,  1, 23, 42,174, 76
20170622-112232-902, 44, 24, 42, 59, 85
20170622-112233-617, 27, 24, 42,138, 92
20170622-112234-156, 10, 23, 42,223,105
20170622-112236-159, 37, 24, 41,171,124
20170622-112236-228,  3, 23, 41, 79,147
20170622-112236-428, 32, 24,169, 51,  7
20170622-112237-103, 24, 23, 41, 63,112
20170622-112240-772, 33, 23, 41,239,223
20170622-112242-503, 11, 21, 41,207,120
20170622-112244-783, 43, 23, 41,207,124
20170622-112245-166,  8, 25, 42,122,136
20170622-112246-634, 41, 23, 41,110,182
20170622-112246-967, 26, 24, 42,219,104
20170622-112251-086, 16, 22, 40,126,114
20170622-112255-684, 12, 23, 42, 63,249
20170622-112256-641, 42, 21, 41,159, 37
20170622-112257-062, 31, 23, 41,142, 52
20170622-112257-897, 29, 16, 40,236,242
20170622-112258-403, 19, 23, 41, 78, 98
20170622-112301-982, 48, 23, 41,191,106
20170622-112304-464, 47, 22, 41,143, 52
20170622-112306-416, 23, 21, 40,207,233
20170622-112306-583,  9, 18, 41,108,206
20170622-112307-949, 36, 23, 41,255, 88
20170622-112311-262,  5, 22, 42,238, 42
20170622-112311-344, 34, 22, 40,223,213
20170622-112311-612, 38, 21, 41, 95,181
20170622-112311-697, 28, 19, 41,124,114
20170622-112314-167,  6, 24, 42, 26,116
20170622-112314-367, 17, 20, 40, 46,255
20170622-112315-505, 22, 20, 40,159,106
20170622-112316-104, 25, 24, 41,107,234
20170622-112317-037, 46, 21, 41,222, 12
20170622-112319-835, 21, 22, 41,175, 38
20170622-112320-203, 40, 20, 41, 63,207
20170622-112321-534, 39, 23, 42, 79,229
20170622-112323-271, 30, 21, 40, 31, 90
20170622-112325-470,  4, 23, 41,254,213
20170622-112330-742,  1, 23, 42,174,233
20170622-112333-465, 27, 23, 42,143,  0
20170622-112334-016, 10, 23, 42,223, 13
20170622-112336-169, 20, 21, 41,254,168
20170622-112336-279, 32, 24, 41,187,206
20170622-112336-947, 24, 22, 41, 62, 30
20170622-112340-617, 33, 23, 41,239,112
20170622-112342-294, 11, 21, 41,207,207
20170622-112344-548, 43, 23, 41,207, 36
20170622-112344-979,  8, 25, 42,122, 80
20170622-112346-427, 41, 22, 41,111, 87
20170622-112346-636, 26, 23, 42,222, 25
20170622-112350-890, 16, 22, 40,126, 30
20170622-112355-558, 12, 23, 42, 63,109
20170622-112356-426, 42, 20, 41,158,157
20170622-112356-925, 31, 23, 41,142,228
20170622-112357-606, 29, 16, 40,236, 12
20170622-112358-267, 19, 23, 41, 78,  1
20170622-112401-859, 48, 23, 41,191, 28
20170622-112404-290, 47, 22, 41,143,222
20170622-112406-186, 23, 21, 40,207,116
20170622-112407-250, 14, 24, 41,219, 69
20170622-112407-799, 36, 24, 41,250, 22
20170622-112408-740, 18, 20, 41, 31,155
20170622-112411-119,  5, 22, 42,238,194
20170622-112411-197, 34, 23, 40,222,124
20170622-112411-383, 38, 21, 41, 95, 61
20170622-112411-472, 28, 20, 41,126,217
20170622-112413-998,  6, 24, 42, 26, 32
20170622-112414-166, 17, 21, 40, 47,124
20170622-112415-367, 22, 21, 40,158,246
20170622-112415-997, 25, 24, 42, 43,179
20170622-112416-898, 46, 21, 41,222,128
20170622-112419-680, 21, 23, 41,174,220
20170622-112419-998, 40, 21, 41, 62, 79
20170622-112421-259, 39, 23, 42, 79,138
20170622-112423-102, 30, 21, 41,222,237
20170622-112425-263,  4, 23, 42,190,184
20170622-112426-135,  7, 16, 41, 12,  9
20170622-112430-637,  1, 23, 42,174,133
20170622-112432-516, 44, 23, 42, 62,165
20170622-112433-312, 27, 23, 42,143,168
20170622-112433-873, 10, 22, 42,222,164
20170622-112436-014, 37, 23, 41,174,218
20170622-112436-131, 32, 24, 41,187,117
20170622-112436-796, 24, 22, 41, 62,181
20170622-112440-455, 33, 23, 41,239, 16
20170622-112442-083, 11, 21, 42,143,120
20170622-112444-307, 43, 23, 41,207,194
20170622-112444-788,  8, 25, 43,187, 26
20170622-112446-225, 41, 22, 42, 47,245
20170622-112446-305, 26, 23, 42,222,196
20170622-112450-683, 16, 22, 40,126,163
20170622-112450-808,  2, 22, 41, 31, 56
20170622-112450-876, 13, 22, 41, 47,109
20170622-112455-421, 12, 22, 42, 62,246
20170622-112456-197, 42, 19, 41,156, 15
20170622-112456-780, 31, 22, 41,143,130
20170622-112458-114, 19, 22, 42, 15,144
20170622-112501-727, 48, 22, 41,190,249
20170622-112504-110, 47, 21, 41,143,111
20170622-112506-360,  9, 18, 42, 44, 98
20170622-112507-038, 15, 22, 41,142, 82
20170622-112507-124, 14, 23, 41,222,240
20170622-112507-635, 36, 23, 41,255,203
20170622-112508-523, 18, 20, 41, 31,  4
20170622-112508-586, 35, 20, 40,143,244
20170622-112510-967,  5, 22, 42,238, 83
20170622-112511-041, 34, 22, 40,223, 29
20170622-112511-145, 38, 21, 41, 95,167
20170622-112511-229, 28, 19, 41,124, 49
20170622-112513-814,  6, 23, 43,222,223
20170622-112513-926, 17, 19, 41,237,238
20170622-112515-189, 22, 20, 40,159, 89
20170622-112515-870, 25, 24, 42, 43,103
20170622-112516-734, 46, 20, 41,223,229
20170622-112519-514, 21, 23, 41,174,126
20170622-112519-763, 40, 20, 41, 63,163
20170622-112520-966, 39, 22, 42, 78, 34
20170622-112522-913, 30, 20, 41,223,101
20170622-112525-039,  4, 22, 42,191, 19
20170622-112530-522,  1, 22, 42,175, 28
20170622-112532-309, 44, 23, 42, 62, 55
20170622-112533-155, 27, 23, 42,143, 84
20170622-112534-783, 10, 22, 42,222,  7
20170622-112535-556, 20, 21, 41,254,191
20170622-112535-724,  3, 22, 41, 78, 88
20170622-112536-623, 24, 22, 41, 62,121
20170622-112536-876, 10, 22, 42,222,  7
20170622-112537-922, 10, 22, 42,222,  7
20170622-112538-969, 10, 22, 42,222,  7
20170622-112540-015, 10, 22, 42,222,  7
20170622-112540-281, 33, 22, 41,238,166
20170622-112541-061, 10, 22, 42,222,  7
20170622-112541-865, 11, 21, 42,143,183
20170622-112542-108, 10, 22, 42,222,  7
20170622-112543-154, 10, 22, 42,222,  7
20170622-112544-063, 43, 22, 41,206,101
20170622-112544-200, 10, 22, 42,222,  7
20170622-112544-594,  8, 25, 43,187,218
20170622-112545-247, 10, 23, 42,223,  7
20170622-112546-295, 10, 22, 42,222,  7
20170622-112547-341, 10, 22, 42,222,  7
20170622-112548-388, 10, 22, 42,222,  7
20170622-112549-434, 10, 23, 42,223,  7
20170622-112550-626,  2, 22, 41, 31,144
20170622-112550-743, 13, 22, 41, 47, 31
20170622-112551-529, 10, 22, 42,222,  7
20170622-112552-575, 10, 22, 42,222,  7
20170622-112553-621, 10, 22, 42,222,  7
20170622-112554-668, 10, 22, 42,222,  7
20170622-112555-291, 12, 23, 42, 63,157
20170622-112555-714, 10, 23, 42,223,  7
20170622-112555-993, 42, 21, 41,159,143
20170622-112556-646, 31, 23, 41,142, 61
20170622-112556-762, 10, 23, 42,223,  7
20170622-112556-995, 29, 16, 40,236, 25
20170622-112557-811, 10, 23, 42,223,  7
20170622-112557-976, 19, 23, 42, 14, 49
20170622-112558-859, 10, 22, 42,222,  7
20170622-112559-905, 10, 23, 42,223,  7
20170622-112600-954, 10, 22, 42,222,  7
20170622-112601-601, 48, 23, 41,191,107
20170622-112602-000, 10, 22, 42,222,  7
20170622-112603-046, 10, 22, 42,222,  7
20170622-112603-937, 47, 22, 41,143,240
20170622-112604-093, 10, 22, 42,222,  7
20170622-112605-139, 10, 22, 42,222,  7
20170622-112605-713, 23, 21, 41, 14,127
20170622-112606-040,  9, 19, 42, 45,190
20170622-112606-185, 10, 23, 42,223,  7
20170622-112606-874, 15, 23, 41,143,247
20170622-112607-014, 14, 24, 41,219,189
20170622-112607-234, 10, 22, 42,222,  7
20170622-112607-489, 36, 24, 41,250,134
20170622-112608-405, 35, 21, 40,142,131
20170622-112609-327, 10, 23, 42,223,  7
20170622-112610-375, 10, 23, 42,223,  7
20170622-112610-826,  5, 23, 42,239,233
20170622-112611-011, 28, 20, 41,126,162
20170622-112611-423, 10, 23, 42,223,  7
20170622-112612-472, 10, 23, 42,223,  7
20170622-112613-520, 10, 23, 42,223,  7
20170622-112613-649,  6, 24, 43,219,129
20170622-112613-717, 17, 21, 41,238,101
20170622-112614-568, 10, 23, 42,223,  7
20170622-112615-046, 22, 21, 40,158,226
20170622-112615-617, 10, 23, 42,223,  7
20170622-112615-763, 25, 25, 42, 42, 63
20170622-112616-607, 46, 21, 41,222,125
20170622-112617-714, 10, 23, 42,223,  7
20170622-112618-762, 10, 23, 42,223,  7
20170622-112619-376, 21, 23, 41,174, 44
20170622-112619-570, 40, 21, 41, 62, 63
20170622-112619-810, 10, 23, 42,223,  7
